0 0
10 0
10 10
0 10
0 0

10 0
19 0
19 9
10 9
10 0

0 12
7 12
7 19
0 19
0 12

10 13
16 13
16 19
10 19
10 13

15 9
19 9
19 13
15 13
15 9

11 9
15 9
15 13
11 13
11 9

7 13
10 13
10 16
7 16
7 13

8 10
11 10
11 13
8 13
8 10

16 13
19 13
19 16
16 16
16 13

16 16
19 16
19 19
16 19
16 16

7 16
10 16
10 19
7 19
7 16

1 10
3 10
3 12
1 12
1 10

6 10
8 10
8 12
6 12
6 10

4 10
6 10
6 12
4 12
4 10

3 10
4 10
4 11
3 11
3 10

10 9
11 9
11 10
10 10
10 9

7 12
8 12
8 13
7 13
7 12

3 11
4 11
4 12
3 12
3 11

0 10
1 10
1 11
0 11
0 10

0 11
1 11
1 12
0 12
0 11

